delta <- 0.283580
sigma <- c(0.237917, 0.557930)
