delta <- 0.4855857
sigma <- c(1.521200, 1.058471)
