delta <- 0.2794179
sigma <- c(1.91593569, 0.3693814)
