delta <- 0.1659628
sigma <- c(0.38820121, 0.15997599)
