delta <- 0.1659628
sigma <- c(1.47705061, 1.667698)
