delta <- 0.4855857
sigma <- c(2.5744834, 0.1435128)
