delta <- 0.338924
sigma <- c(3.0306854, 0.4756051)
