delta <- 0.4855857
sigma <- c(1.521200, 2.327695)
