delta <- 0.7368754
sigma <- c(0.9646487, 0.0544411)
