delta <- 0.1010081
sigma <- c(0.154140, 0.852559)
