delta <- 0.4855857
sigma <- c(0.07290775, 0.78754027)
