delta <- 0.389802
sigma <- c(1.866485, 0.552559)
