delta <- 0.2716598
sigma <- c(3.5476556, 0.2108979)
