delta <- 0.44480027
sigma <- c(0.3041520, 0.2830218)
