delta <- 0.2785842
sigma <- c(0.2370929, 0.2867654)
