delta <- 0.1795132
sigma <- c(0.476144, 1.75032)
