delta <- 0.338924
sigma <- c(1.058471, 1.550720)
