delta <- 0.338924
sigma <- c(0.57315087, 0.47257976)
