delta <- 0.2716598
sigma <- c(1.008253, 1.573317)
