delta <- 0.2794179
sigma <- c(2.91593569, 0.2693814)
