delta <- 0.4855857
sigma <- c(0.5184715, 0.1435128)
