delta <- 0.4855857
sigma <- c(3.1014683, 0.2897323)
