delta <- 0.3928594 
sigma <- c(0.1572196, 0.06492843)
