delta <- 0.2716598
sigma <- c(1.29967, 0.9998168)
