delta <- 0.2716598
sigma <- c(0.4794902, 0.5666417)
