delta <- 0.6194577
sigma <- c(0.9845988, 0.06357264)
